spec1_inegration: 10.0
spec2_inegration: 10.0
spec_data_type: 2
spec_inegration: 50.0
spec_obsarea: sun_area
spec1_coef1: 0.041200951
spec1_coef2: -9.86427E-07
spec1_coef2: -2.30056E-11
spec1_val0: 349.457516
spec2_coef1: 0.1337807626
spec2_coef2: -2.45278E-06
spec2_coef2: -5.44474E-11
spec2_val0: 476.90386963
